$GPRMC,055739.00,A,3442.0611729,N,13724.4921821,E,0.013,,300626,,,R,V*1A

$GPGGA,055739.00,3442.0611729,N,13724.4921821,E,4,09,0.57,44.941,M,36.644,M,1.0,2755*47

$GPGSA,A,3,11,15,29,20,21,30,05,24,18,,,,1.18,0.57,1.04,1*17

$GPGSV,3,1,10,05,68,034,44,11,24,158,33,14,06,091,32,15,51,279,49,1*6A

$GPGSV,3,2,10,18,26,316,26,20,72,336,45,21,44,086,46,24,23,199,40,1*64

$GPGSV,3,3,10,29,18,257,37,30,30,051,23,1*66

$GPGSV,3,1,10,05,68,034,40,11,24,158,39,14,06,091,25,15,51,279,42,6*6E

$GPGSV,3,2,10,18,26,316,31,20,72,336,43,21,44,086,43,24,23,199,20,6*60

$GPGSV,3,3,10,29,18,257,30,30,30,051,17,6*61

$GPGSV,1,1,01,22,02,107,,0*50

$GPZDA,055739.00,30,06,2026,00,00*68

$GPRMC,055740.00,A,3442.0611739,N,13724.4921818,E,0.015,,300626,,,R,V*19

$GPGGA,055740.00,3442.0611739,N,13724.4921818,E,4,09,0.57,44.934,M,36.644,M,1.0,2755*40

$GPGSA,A,3,11,15,29,20,21,30,05,24,18,,,,1.18,0.57,1.04,1*17

$GPGSV,3,1,10,05,68,034,43,11,24,158,32,14,06,091,33,15,51,279,48,1*6C

$GPGSV,3,2,10,18,26,316,26,20,72,336,45,21,44,086,46,24,23,199,40,1*64

$GPGSV,3,3,10,29,18,257,37,30,30,051,23,1*66

$GPGSV,3,1,10,05,68,034,40,11,24,158,39,14,06,091,26,15,51,279,42,6*6D

$GPGSV,3,2,10,18,26,316,31,20,72,336,43,21,44,086,43,24,23,199,21,6*61

$GPGSV,3,3,10,29,18,257,30,30,30,051,17,6*61

$GPGSV,1,1,01,22,02,107,,0*50

$GPZDA,055740.00,30,06,2026,00,00*66

$GPRMC,055741.00,A,3442.0611749,N,13724.4921819,E,0.005,,300626,,,R,V*1F

$GPGGA,055741.00,3442.0611749,N,13724.4921819,E,4,09,0.57,44.927,M,36.644,M,1.0,2755*45

$GPGSA,A,3,11,15,29,20,21,30,05,24,18,,,,1.18,0.57,1.04,1*17

$GPGSV,3,1,10,05,68,034,43,11,24,158,32,14,06,091,34,15,51,279,49,1*6A

$GPGSV,3,2,10,18,26,316,26,20,72,336,45,21,44,086,47,24,23,199,40,1*65

$GPGSV,3,3,10,29,18,257,38,30,30,051,22,1*68

$GPGSV,3,1,10,05,68,034,40,11,24,158,39,14,06,091,27,15,51,279,43,6*6D

$GPGSV,3,2,10,18,26,316,31,20,72,336,43,21,44,086,43,24,23,199,22,6*62

$GPGSV,3,3,10,29,18,257,31,30,30,051,18,6*6F

$GPGSV,1,1,01,22,02,107,,0*50

$GPZDA,055741.00,30,06,2026,00,00*67

$GPRMC,055742.00,A,3442.0611748,N,13724.4921832,E,0.005,,300626,,,R,V*14

$GPGGA,055742.00,3442.0611748,N,13724.4921832,E,4,09,0.57,44.926,M,36.644,M,1.0,2755*4F

$GPGSA,A,3,11,15,29,20,21,30,05,24,18,,,,1.18,0.57,1.04,1*17

$GPGSV,3,1,10,05,68,034,43,11,24,158,33,14,06,091,34,15,51,279,49,1*6B

$GPGSV,3,2,10,18,26,316,26,20,72,336,45,21,44,086,47,24,23,199,40,1*65

$GPGSV,3,3,10,29,18,257,38,30,30,051,22,1*68

$GPGSV,3,1,10,05,68,034,40,11,24,158,39,14,06,091,28,15,51,279,43,6*62

$GPGSV,3,2,10,18,26,316,31,20,72,336,43,21,44,086,43,24,23,199,23,6*63

$GPGSV,3,3,10,29,18,257,31,30,30,051,18,6*6F

$GPGSV,1,1,01,22,02,107,,0*50

$GPZDA,055742.00,30,06,2026,00,00*64

$GPRMC,055743.00,A,3442.0611745,N,13724.4921827,E,0.007,,300626,,,R,V*1E

$GPGGA,055743.00,3442.0611745,N,13724.4921827,E,4,09,0.57,44.924,M,36.644,M,1.0,2755*45

$GPGSA,A,3,11,15,29,20,21,30,05,24,18,,,,1.18,0.57,1.04,1*17

$GPGSV,3,1,10,05,68,034,43,11,24,158,33,14,06,091,34,15,51,279,49,1*6B

$GPGSV,3,2,10,18,26,316,26,20,72,336,45,21,44,086,47,24,23,199,40,1*65

$GPGSV,3,3,10,29,18,257,38,30,30,051,22,1*68

$GPGSV,3,1,10,05,68,034,40,11,24,158,39,14,06,091,28,15,51,279,43,6*62

$GPGSV,3,2,10,18,26,316,31,20,72,336,43,21,44,086,43,24,23,199,23,6*63

$GPGSV,3,3,10,29,18,257,31,30,30,051,19,6*6E

$GPGSV,1,1,01,22,02,107,,0*50

$GPZDA,055743.00,30,06,2026,00,00*65

$GPRMC,055744.00,A,3442.0611765,N,13724.4921830,E,0.008,,300626,,,R,V*12

$GPGGA,055744.00,3442.0611765,N,13724.4921830,E,4,09,0.57,44.914,M,36.644,M,1.0,2755*45

$GPGSA,A,3,11,15,29,20,21,30,05,24,18,,,,1.18,0.57,1.04,1*17

$GPGSV,3,1,10,05,68,034,43,11,24,158,33,14,06,091,33,15,51,279,49,1*6C

$GPGSV,3,2,10,18,26,316,26,20,72,336,45,21,44,086,47,24,23,199,40,1*65

$GPGSV,3,3,10,29,18,257,38,30,30,051,21,1*6B

$GPGSV,3,1,10,05,68,034,38,11,24,158,39,14,06,091,28,15,51,279,43,6*6D

$GPGSV,3,2,10,18,26,316,31,20,72,336,42,21,44,086,42,24,23,199,23,6*63

$GPGSV,3,3,10,29,18,257,31,30,30,051,18,6*6F

$GPGSV,1,1,01,22,02,107,,0*50

$GPZDA,055744.00,30,06,2026,00,00*62

$GPRMC,055745.00,A,3442.0611761,N,13724.4921828,E,0.004,,300626,,,R,V*12

$GPGGA,055745.00,3442.0611761,N,13724.4921828,E,4,09,0.57,44.912,M,36.644,M,1.0,2755*4F

$GPGSA,A,3,11,15,29,20,21,30,05,24,18,,,,1.18,0.57,1.04,1*17

$GPGSV,3,1,10,05,68,034,43,11,24,158,33,14,06,091,34,15,51,279,49,1*6B

$GPGSV,3,2,10,18,26,316,26,20,72,336,45,21,44,086,47,24,23,199,40,1*65

$GPGSV,3,3,10,29,18,257,39,30,30,051,21,1*6A

$GPGSV,3,1,10,05,68,034,40,11,24,158,39,14,06,091,28,15,51,279,43,6*62

$GPGSV,3,2,10,18,26,316,31,20,72,336,43,21,44,086,43,24,23,199,23,6*63

$GPGSV,3,3,10,29,18,257,31,30,30,051,19,6*6E

$GPGSV,1,1,01,22,02,107,,0*50

$GPZDA,055745.00,30,06,2026,00,00*63

$GPRMC,055746.00,A,3442.0611768,N,13724.4921840,E,0.021,,300626,,,R,V*11

$GPGGA,055746.00,3442.0611768,N,13724.4921840,E,4,09,0.57,44.910,M,36.644,M,1.0,2755*49

$GPGSA,A,3,11,15,29,20,21,30,05,24,18,,,,1.18,0.57,1.04,1*17

$GPGSV,3,1,10,05,68,034,43,11,24,158,33,14,06,091,34,15,51,279,49,1*6B

$GPGSV,3,2,10,18,26,316,26,20,72,336,45,21,44,086,47,24,23,199,40,1*65

$GPGSV,3,3,10,29,18,257,38,30,30,051,21,1*6B

$GPGSV,3,1,10,05,68,034,40,11,24,158,39,14,06,091,28,15,51,279,42,6*63

$GPGSV,3,2,10,18,26,316,31,20,72,336,43,21,44,086,43,24,23,199,23,6*63

$GPGSV,3,3,10,29,18,257,32,30,30,051,18,6*6C

$GPGSV,1,1,01,22,02,107,,0*50

$GPZDA,055746.00,30,06,2026,00,00*60

$GPRMC,055747.00,A,3442.0611781,N,13724.4921830,E,0.014,,300626,,,R,V*16

$GPGGA,055747.00,3442.0611781,N,13724.4921830,E,4,09,0.57,44.903,M,36.644,M,1.0,2755*4A

$GPGSA,A,3,11,15,29,20,21,30,05,24,18,,,,1.19,0.57,1.04,1*16

$GPGSV,3,1,10,05,68,034,43,11,24,158,33,14,06,091,34,15,51,279,49,1*6B

$GPGSV,3,2,10,18,26,316,26,20,72,336,45,21,44,086,47,24,23,199,40,1*65

$GPGSV,3,3,10,29,18,257,39,30,30,051,21,1*6A

$GPGSV,3,1,10,05,68,034,40,11,24,158,39,14,06,091,28,15,51,279,42,6*63

$GPGSV,3,2,10,18,26,316,31,20,72,336,43,21,44,086,43,24,23,199,22,6*62

$GPGSV,3,3,10,29,18,257,32,30,30,051,18,6*6C

$GPGSV,1,1,01,22,02,107,,0*50

$GPZDA,055747.00,30,06,2026,00,00*61

